00100000000010010000000000000011
00111100000010100001000000000000
00111100000010110001000000000000
00100001011010110000000000001100
00100000000011000000000000000000
00100001010011010000000000000000
00100001011011100000000000000000
00001000000100000000000000100111
00100000000011000000000000000000
00100001011110010000000000000000
00010001100010010000000000100011
00100000000011010000000000000000
00100000000100000000000000000000
00000001001011000111000000100010
00100000000100010000000000000001
00000001110100010111000000100010
00001000000100000000000000010001
00010001101011100000000000001001
10001111001100010000000000000000
10001111001100100000000000000100
00000010010100011001100000100010
00000010011000001010000000101010
00100000000101010000000000000001
00010010100101010000000000000111
00100011001110010000000000000100
00100001101011010000000000000001
00001000000100000000000000010001
00010010000000000000000000010010
00100001100011000000000000000001
00001100000100000000000000100101
00001000000100000000000000001001
10001111001011110000000000000000
10001111001110000000000000000100
10101111001110000000000000000000
10101111001011110000000000000100
00100000000100000000000000000001
00001000000100000000000000011000
00010010000000000000000000001000
00000011111000000000000000001000
00010001100010011111111111100000
10001101101011110000000000000000
10101101110011110000000000000000
00100001100011000000000000000001
00100001101011010000000000000100
00100001110011100000000000000100
00001000000100000000000000100111
00000010000000001000000000100000